14,4
3,2
3,1
3,3
10,137
10,75
10,35
10,87
10,293
10,121
10,233
10,2
10,3
11,21
11,29
11,5
11,2
11,3
9,7
9,3
696,7
696,6
696,5
696,4
696,3
8,4
8,13
8,11
8,16
12,2
12,1
696,2
12,3
696,1
696,0
679,4
679,3
679,2
679,1
679,0
677,3
20,2
19,2
19,1
677,2
19,3
677,1
677,0
676,4
676,3
676,2
676,1
676,0
675,5
675,4
675,3
675,2
675,1
675,0
673,5
673,4
673,3
673,2
673,1
673,0
672,6
672,5
672,4
672,3
672,2
672,1
672,0
671,5
671,4
671,3
671,2
671,1
671,0
670,4
670,3
670,2
670,1
670,0
669,5
669,4
669,3
669,2
669,1
669,0
668,4
668,3
668,2
668,1
18,1
667,3
18,3
667,1
14,1
14,5
14,3
13,1
666,3
13,3
666,1
665,3
665,1
664,3
664,1
2,2
2,1
2,3
663,3
663,1
662,4
662,3
662,1
661,3
661,1
645,5
645,4
